@relation weather-ankara
@attribute att0 real [23.0, 100.0]
@attribute att1 real [-7.1, 65.5]
@attribute att2 real [-3.1, 57.6]
@attribute att3 real [0.0, 4.0]
@attribute att4 real [29.46, 30.6]
@attribute att5 real [26.3, 27.18]
@attribute att6 real [0.2, 11.5]
@attribute att7 real [0.0, 18.0]
@attribute att8 real [2.19, 57.4]
@attribute output real [7.9, 81.8]
@inputs att0, att1, att2, att3, att4, att5, att6, att7, att8
@outputs output
@data
86.4,57.7,51.1,0,29.78,26.75,8.5,5.75,13.8,73.8
73.6,37.4,37.4,0,30.14,26.98,8.2,5.41,12.7,58.5
69.8,46.4,42.7,0,29.77,26.67,7.9,6.9,21.8,57.9
57.9,28,33.3,0,29.81,26.6,8,6.79,17.2,45.4
59.4,30,31.9,0,29.93,26.69,8.2,1.5,9.21,41.3
33.4,26.6,26.6,0,30.1,26.77,6.1,4.95,11.3,30.6
70.5,42.3,41.3,0,30.06,26.92,9,8.52,16.1,59.3
63.1,32,33.8,0,30.1,26.89,8.4,3.34,9.21,48.6
59.4,33.4,35.6,0,30.1,26.87,5.3,2.76,8.06,45.6
52.9,19.4,24.9,0,30.22,26.94,6.1,2.42,10.2,35.1
35.2,20.8,22.6,0,30.45,27.06,8.3,9.09,18.3,29.5
82.4,50.4,49.2,0,29.79,26.72,8.7,5.64,12.7,67.7
39.2,23,24.9,0.1,30.18,26.84,10.9,5.64,10.2,31.3
44.6,35.2,33.3,0,29.91,26.65,7.2,6.9,11.3,39.1
48.2,37.4,40.3,0.1,29.92,26.72,7.9,9.44,19.4,45.1
42.1,26.2,26.1,0.05,29.73,26.44,7.3,10.3,13.8,33.5
46.4,30.2,34.7,0.3,30,26.74,6.6,4.49,11.3,38.5
59,20.5,23.5,0,30.08,26.82,8,3.68,10.2,41.9
85.3,51.8,50.9,0,29.76,26.7,8.6,5.29,11.3,70
84.2,46,42.8,0,29.96,26.82,8.4,5.87,19.4,65.9
45.5,31.1,30.7,0,29.78,26.54,6.7,6.1,13.8,37.8
35.6,12.9,17.9,0,30.47,27.13,6.1,1.84,9.21,23.7
52.5,25.2,29.1,0,30.45,27.12,7.9,4.95,10.2,37.3
50.4,22.6,27.4,0,30.22,26.95,5.8,2.3,8.06,35.2
50.4,28.4,26.9,0,30.17,26.93,8.5,9.32,19.4,39
41.7,20.5,25.3,0,30.07,26.79,7.2,5.41,13.8,32.8
29.7,5.7,14.5,0.1,30.08,26.71,7.1,5.52,11.3,20.7
68.7,50,50.9,0,30.04,26.88,8.5,12,20.8,60
84.2,45,43.5,0,29.95,26.87,8.6,8.52,20.8,67.2
39.2,26.6,20.7,0,30.1,26.76,8,12.4,18.3,32.6
55.8,20.8,23,0,30.19,26.88,8.2,2.65,9.21,39.1
90.3,50,49,0,29.82,26.77,8.1,4.95,16.1,72.5
68.7,32.7,35.4,0,30.13,26.92,8.3,1.5,6.9,52.8
74.5,51.8,49.1,0,29.82,26.72,8.5,6.9,19.4,62.8
95,57.2,46.7,0,29.83,26.81,8.2,2.53,8.06,77.9
23,3.2,7,0,30.33,26.97,6,0.58,4.72,12.3
43.2,30.2,24.5,0,29.98,26.73,8.3,7.5,13.8,36.6
38.1,22.6,27.4,0,30.06,26.77,3.3,0.46,4.72,30.3
71.1,50.4,42.9,0,30.12,26.98,8.1,12.6,18.3,59
47.5,24.4,20.5,0,30.28,26.95,8.6,6.67,12.7,34.2
63.7,37,37.6,0,30.1,26.9,6.5,1.84,9.21,47.3
53.2,22.5,25.4,0,30.12,26.8,6.4,4.03,13.8,36
70.9,48.2,51.5,0.3,29.88,26.76,7.7,3.22,11.3,59.4
47.8,29.1,28.8,0,30.14,26.84,8.4,1.15,4.72,38.4
51.8,28.4,37.2,0.1,29.86,26.71,5.5,8.29,19.4,43.2
87.1,56.8,50.1,0,29.74,26.71,8.5,5.29,13.8,72.9
75.2,30.4,43.7,0,29.86,26.74,8.3,8.63,19.4,60.3
47.5,20.5,24.9,0,30.35,26.98,4.4,0.23,2.19,30.7
82.4,41,41.9,0,29.99,26.83,8.4,4.03,18.3,58.8
67.1,39.9,37.5,0,29.96,26.8,8.6,2.65,8.06,53.9
73.4,46.4,45.5,0,29.99,26.85,8.6,1.38,8.06,58.6
35.6,21.2,15,0,30.07,26.78,8.7,11.2,24.1,26.5
80.6,57.2,52,0.05,29.76,26.7,8.3,8.4,16.1,66
44.6,21,26.4,0,30.11,26.8,5,4.83,14.9,32.3
41.4,35.2,33.6,0,30.17,26.88,7.7,13.6,18.3,38.5
64,32,34.1,0,30.15,26.92,8.6,2.19,9.21,47.4
74.3,40.6,43.2,0,29.85,26.72,8.7,5.64,13.8,59.9
65.1,31.3,36.2,0,29.93,26.72,8.2,3.57,11.3,50.3
85.6,57.2,48.3,0,29.74,26.69,8.6,6.1,11.3,72.1
41.9,32.7,30.2,0,30.03,26.75,7.7,7.02,12.7,36.5
68.4,47.7,49.4,0.2,29.86,26.7,7.6,3.8,17.2,56.8
42.8,19.4,22,0.05,30.01,26.73,5,2.3,10.2,30.3
41,15.8,22.1,0,30.34,26.96,6.8,3.8,11.3,30.6
68,45.3,47.4,0.1,29.83,26.69,8.6,3.57,10.2,55.7
42.8,33.3,31.1,0.1,29.88,26.62,8.7,15.3,19.4,37.7
43.9,26.1,23.4,0,30.25,26.94,8,5.52,10.2,33.9
93.7,62.2,48,0,29.73,26.73,8.9,6.33,14.9,79.9
82.8,59.9,49.9,0,29.63,26.62,8.7,8.4,14.9,72.1
52.2,34.5,34.4,0,30.01,26.77,6.9,2.07,8.06,42.8
34.7,24.8,25.4,0.1,29.79,26.52,7,7.83,14.9,30.5
67.3,36.3,33.4,0,30.2,26.98,8.2,2.19,6.9,50.3
77,49.6,49.3,0.05,29.87,26.76,8.8,5.75,20.8,61.8
57.9,32.5,36.7,0,29.91,26.67,8.8,6.1,12.7,47.9
75.9,46.8,46.7,0,29.79,26.7,8.6,8.52,17.2,62.8
65.8,37.4,38.3,0,29.92,26.73,8.7,10.3,16.1,53.4
31.1,6.8,6.4,0,30.42,26.97,8.3,4.72,10.2,18.9
58.6,20.5,23.2,0,29.86,26.61,8.4,2.76,14.9,39.4
35.2,26.2,22.9,0,30.31,26.98,8.6,3.68,16.1,30.5
52.2,25.5,22.2,0,30.39,27.07,8.5,9.9,14.9,38.1
64.4,46.4,44,0.3,29.88,26.77,9.2,5.98,11.3,55.6
89.6,46,41.1,0,29.69,26.57,8.5,6.44,17.2,71.1
83.1,52.7,48.6,0,29.78,26.73,8.3,4.26,12.7,68.6
64.4,37.4,38.6,0,30.12,26.92,8.3,3.8,10.2,50.9
76.3,48.2,43.7,0,29.94,26.83,8.6,5.29,13.8,63
30.7,28.4,25.6,0.5,29.78,26.48,4.2,15.3,26.3,28.9
76.6,50.4,46.5,0,29.96,26.85,9.1,5.98,11.3,64.3
83.8,60.1,44.3,0,29.81,26.7,8.7,6.44,17.2,73.2
68.7,48.2,53.3,0.2,29.73,26.61,6.7,1.96,13.8,58.4
78.8,48.6,39.9,0,30.07,26.9,8.5,8.06,14.9,66
41.7,29.8,29.1,0.05,30.01,26.74,8.6,10.5,13.31,36
61.2,30.2,39.3,0,29.91,26.72,8.3,2.65,10.2,51
37.6,30.6,30.8,0,30.15,26.88,6.2,7.83,12.7,34.8
33.4,19,11.3,0,30.19,26.83,8.4,6.79,12.7,24.8
80.6,45.3,46.3,0,30,26.89,8.2,4.83,13.8,65.5
85.3,59,48,0,29.81,26.77,8.6,6.56,12.7,71.7
75.9,39,46.7,0.05,29.84,26.69,8.4,5.75,14.9,58.8
53.6,30.6,42.7,0.1,29.86,26.67,8.5,6.33,11.3,49.7
86.4,53.6,48.8,0,30.04,26.9,8.1,10.3,36.9,70.2
81.3,54.7,45.3,0,29.92,26.83,8.7,5.87,10.2,68.5
61.7,33.1,35.3,0,29.88,26.66,8.7,5.18,12.7,48.8
23,-7.1,-1.2,0,30.28,26.78,6.9,4.6,12.7,8.8
66.2,25.5,27.3,0,29.91,26.71,8.3,4.14,11.3,48
48.9,26.2,32.6,0,30.24,26.97,5.7,2.76,8.06,36.9
52.7,27.3,32,0.05,30.27,26.99,5.3,3.8,11.3,38.6
50.4,26.6,33.1,0,30.3,26.98,5.8,1.15,4.72,38.1
79.2,53.6,46.1,0,29.8,26.73,8.6,5.75,12.7,65.8
36.5,27.1,22.2,0,29.78,26.54,8.8,12.3,20.8,31.6
82.4,58.3,51.1,0,29.72,26.62,8.3,6.44,13.8,69.2
91.8,63,53.2,0,29.78,26.76,9.2,8.4,16.1,79.3
55.8,37.4,41.2,0.5,29.81,26.59,7.7,4.26,13.8,47.7
75.9,47.1,42.1,0,29.93,26.82,9.4,4.95,17.2,61.4
77,51.8,44.4,0,29.9,26.81,8.6,7.02,21.8,63.8
62.6,30.2,35.2,0,30.06,26.82,7.8,1.04,9.21,47.1
86,57.2,51.6,0,29.76,26.72,8.5,5.64,14.9,71.9
51.8,32,32.7,0,29.93,26.7,5.5,1.96,5.87,41.2
63.3,22.8,22,0,29.99,26.75,8.5,7.6,18.3,42.5
43.5,19.4,26.5,0,29.77,26.47,5.8,7.37,25.3,30.9
61.9,26.6,32.6,0,30.24,26.97,5.5,0.58,6.9,42.6
33.8,19.4,14.7,0.2,30.08,26.75,8.4,13.2,20.8,27.4
44.2,33.8,34.6,0.4,30.03,26.77,8.1,8.75,14.9,39.6
85.3,53.2,48.9,0,29.79,26.73,8.6,5.87,11.3,71.4
82.4,50.7,51.5,0,29.88,26.79,8.4,7.83,19.4,67.6
64.9,27.3,28.8,0,30.24,26.97,6.8,0.69,6.9,41.6
72.3,38.8,42.8,0,29.77,26.62,8.1,6.79,13.8,58.2
45.3,32.7,27.1,0.7,29.76,26.52,8.2,7.37,17.2,38
30.2,13.6,15.4,0,30.16,26.86,8.7,2.88,6.9,23
76.3,46.4,42.4,0,29.99,26.86,8.4,9.32,17.2,62.8
55.4,48.2,43.9,0.3,29.99,26.8,8.6,2.07,6.9,51.5
35.6,24.1,25.8,0,30.2,26.88,3.1,1.15,5.87,30.7
44.6,35.6,33,0,29.84,26.62,7.4,5.98,17.2,40.4
48.4,28.4,32,0.5,29.69,26.52,8.1,6.67,17.2,39.3
75.2,46.4,49.5,0.2,29.94,26.82,8.7,2.76,9.21,62.2
91,58.1,48.8,0,29.85,26.74,8.7,7.6,13.8,74.7
68.4,37.4,35.1,0,29.94,26.8,8.7,5.87,13.8,53.9
41.4,24.1,26.3,0,30.09,26.78,5.9,0.81,4.72,32.9
34.2,26.6,29.6,0,29.96,26.7,1.9,0,3.34,31.7
74.1,30.7,43.2,0,30.05,26.89,8.3,2.76,11.3,57.1
47.5,30.2,27,0.2,30.01,26.76,8.5,9.67,16.1,36.7
82.4,41.7,39,0,30.12,26.94,8.4,8.4,13.8,62.9
82.2,44.6,42.1,0,29.91,26.79,8.9,4.26,10.2,64.9
60.1,37.4,38.2,0,30.16,26.95,8.3,10.5,21.8,48
49.5,10,16.2,0,30.31,26.99,8,2.07,5.87,33.3
84.9,61.5,47.5,0,29.76,26.75,8.7,8.29,18.3,73
50.7,26.6,30.7,0.05,30,26.75,6.9,6.33,14.9,38.9
80.2,50.4,48.1,0,29.86,26.77,9.3,4.03,11.3,63.7
50,25.2,29.3,0,30.03,26.74,6.7,5.52,13.8,38.8
64.8,38.1,41.4,0.05,29.99,26.79,7.6,4.49,14.9,53.5
53.1,21.2,22.3,0,30.06,26.8,8.1,2.19,9.21,34.6
36.9,14,12.6,0,30.5,27.08,8.2,1.15,5.87,25.1
38.1,17.2,19,0,30.27,26.95,5.8,2.53,12.7,25.9
73.4,50,41,0,29.73,26.65,8.6,8.17,14.9,62.3
55.4,23,29,0,30.08,26.83,7.2,3.57,13.8,40.5
27.3,22.6,18.9,0,30.4,27.07,7.6,8.75,12.7,24.4
32,17.4,22.9,0,30.17,26.77,1.8,3.57,11.3,28.3
91.4,56.5,47.7,0,29.72,26.69,8.5,4.6,9.21,76.9
90.3,52.2,38.5,0,29.91,26.86,8.3,6.9,14.9,71.5
77,48.2,44.5,0,29.88,26.74,8.7,6.21,14.9,63.8
85.3,51.8,49,0,29.66,26.61,8.7,4.95,13.8,68.7
82,52.2,52.7,0,29.89,26.81,7.9,6.21,20.8,64.1
38.5,17.6,18.6,0,30.23,26.94,8.4,9.67,21.8,30.2
72.5,39.9,29.2,0,30.08,26.9,8.5,5.98,13.8,54.7
86.4,52.9,39.6,0,30.04,26.9,8,7.37,12.7,70.1
64.9,29.5,37.5,0,30,26.77,5.3,6.9,19.4,46.8
66.9,29.8,28.2,0,30.24,27.01,8.2,1.73,9.21,48.1
33.3,6.8,13.5,0,30.48,27.02,5.7,2.42,9.21,19.1
62.6,42.8,40.2,0,29.94,26.8,8.9,9.9,16.1,53.2
52.3,30.9,36.2,0,30.05,26.82,8,5.64,13.8,44.5
78.1,30.7,43.4,0,29.82,26.71,8.7,5.75,14.9,60.1
46.4,26.6,28.8,0,30.06,26.8,8.1,5.64,14.9,36.7
74.5,50,42.1,0,30.01,26.89,8.7,8.17,17.2,62.9
49.3,28.4,30.5,0,30.1,26.82,7,1.73,8.06,38.2
49.5,23,20.8,0,30.24,26.93,8.2,7.94,47.1,34.9
77,45,45.2,0,29.99,26.87,8.6,4.03,9.21,63.3
66.2,36,41.6,0,30.14,26.93,8.5,2.3,10.2,50.3
81,46.4,45.7,0,29.9,26.8,8.8,5.29,12.7,67.3
40.1,21.2,25.6,0,30.3,27,4.9,2.99,10.2,30.6
23.7,-4,-3.1,0,30.46,26.93,7.2,2.42,8.06,7.9
77.7,44.2,38,0,30.04,26.88,8.5,1.5,5.87,61
64.4,41,42.9,0.2,29.61,26.48,8.2,7.14,17.2,51
69.8,57.2,56,1.3,29.68,26.6,7.6,3.57,18.3,62.5
83.1,49.3,43.7,0,29.93,26.8,8,5.41,14.9,67.2
44.6,33.1,32.5,0,29.64,26.43,5.7,6.9,18.3,37.2
88.5,64.4,51,0,29.7,26.7,8.6,7.14,14.9,76.6
61.9,39.2,39,0,29.82,26.63,8.1,4.49,11.3,51.7
73.4,46.4,48.6,0,29.72,26.63,8.9,10.7,19.4,62.8
87.8,57.2,47.3,0,29.88,26.82,8.4,4.6,13.8,71.8
96.8,50.7,43.2,0,29.73,26.7,8.5,5.64,14.9,76.5
42.8,39.2,35.9,0.1,29.89,26.68,8,13.1,18.3,41
66.6,30,47.7,0,29.85,26.69,7.8,7.02,12.7,55.6
32.7,13.8,17.4,0,30.34,26.94,8.9,6.33,11.3,25.3
30.9,6.8,17.1,0.5,30.02,26.75,7.1,9.21,16.1,23.7
41,28.9,31.9,0,30.01,26.75,5.3,2.99,8.06,34.7
29.5,27.3,26.5,0,30.4,27.09,2.4,0.81,4.72,28.1
52.9,17.6,23.8,0,30.2,26.94,7.9,1.27,13.31,36.3
63.5,30.2,29.5,0,30.07,26.85,9,5.87,19.4,46.4
48.9,17.1,16.7,0,30.41,27.03,8.7,1.04,4.72,28.5
60.8,39.2,38.4,0,29.78,26.6,8.4,7.02,19.4,50
90,56.1,48.7,0,29.76,26.73,8.5,5.29,13.8,75.3
75.2,51.8,53,0,29.85,26.76,7.7,4.95,11.3,62.4
82.4,49.6,48.9,0,29.83,26.75,8.3,3.68,9.21,67.9
42.8,30.2,28,0.7,30.09,26.8,6.4,6.67,14.9,34.9
50.4,20.1,30.6,0,29.95,26.67,5.5,8.86,23,37.7
73.4,45.7,42.6,0,30,26.85,8.6,6.1,16.1,59.3
48.9,31.6,35.9,0.1,30.04,26.78,5.6,4.83,13.8,41.1
31.3,27.5,23.4,0.2,29.92,26.62,8.4,16.4,21.8,28.7
77,34.5,35.1,0,30.06,26.89,8.2,2.3,10.2,55.4
39.7,24.1,25.1,0,29.99,26.64,5.4,3.34,11.3,31.3
77,32.7,42.9,0,30.02,26.88,8,2.19,6.9,58.7
80.6,51.8,49.5,0,29.98,26.88,8.7,3.11,11.3,66.4
59.5,28.4,28.8,0,30.14,26.88,6.9,1.84,10.2,42
55.8,25.9,35.1,0,29.95,26.69,6.2,5.29,14.9,42.2
56.8,32.7,37.2,0,29.91,26.71,6.4,4.49,11.3,46.5
56.5,28.4,35.7,0,30.19,26.92,5.5,1.73,9.21,42.3
84.6,60.1,52.2,0,29.82,26.71,8.5,10,17.2,72.7
97.2,57.2,45.1,0,29.81,26.7,8.4,6.9,18.3,78.1
85.3,56.7,48.7,0,29.84,26.77,8.6,6.21,11.3,71.2
47.8,19,26.3,0,30.12,26.78,7.7,1.5,5.87,32.3
39.2,22.3,25.6,0,30.13,26.84,5.1,2.3,6.9,30.8
29.8,15.8,16.9,0,30.49,27.04,1.2,0.35,3.34,19.9
32,9,11,0,30.42,26.98,7.9,3.22,10.2,19.6
52.5,40.6,36.1,0.3,29.96,26.75,8.5,7.02,13.8,46.2
83.5,53.6,55.1,0.1,29.67,26.62,8.7,5.29,18.3,66.4
33.8,21.2,18.6,0.3,29.78,26.46,8.2,8.29,19.4,28.1
46,35.6,36.5,0.1,30,26.76,7,4.03,10.2,39.4
68,33.8,37.8,0.1,29.85,26.67,5.8,2.53,11.3,51.6
51.8,28.4,32.6,0,30,26.84,7.8,7.14,14.9,42.4
81.3,54.3,51.2,0,29.86,26.78,9,4.49,11.3,68.4
50,30.6,34.3,0,29.91,26.65,6.4,1.84,9.21,39.9
80.6,46.4,42.6,0,30.09,26.93,8.6,5.41,14.9,65.7
73.4,52.9,54.2,0.5,29.77,26.67,8.7,3.34,18.3,64.2
83.5,57.2,42.2,0,29.64,26.54,8.4,8.4,19.4,70
57.2,40.1,36.4,0,29.98,26.76,8.6,4.72,9.21,48.1
59,50,46.1,0,30.04,26.86,8.6,9.78,12.7,53.4
34.2,15.8,18.3,0.05,30,26.71,8.2,3.57,10.2,24.4
87.1,58.6,50.2,0.05,29.77,26.72,8.8,3.91,8.06,72.7
87.1,48.4,43.8,0,29.81,26.7,8.8,5.64,12.7,71.1
62.6,30.9,45.9,0.3,29.75,26.59,8.6,8.17,14.9,52.7
75.6,41.4,37.1,0,30,26.83,8.5,3.22,11.3,58.4
61.3,29.8,37.1,0,30.04,26.84,6.4,2.99,11.3,46.1
60.8,29.5,33.7,0,30.27,27.02,7.8,1.27,4.72,46.1
39.2,32,32.9,0.2,29.85,26.59,8,8.4,14.9,36.4
67.6,31.8,34.4,0,30.07,26.87,8.4,2.99,8.06,51.8
61.2,33.8,29.1,0,29.91,26.69,10.6,5.29,13.8,46.6
69.1,35.6,32.5,0,30,26.83,8.9,3.45,11.3,54.7
81.7,39.9,42,0.05,29.9,26.77,8.7,5.75,13.8,65
48.9,35.6,37.6,0.05,29.71,26.5,5.2,2.99,10.2,40.8
44.6,29.8,25.6,0.1,29.86,26.6,8.4,9.9,19.4,35.5
68.7,30.9,49,0,29.62,26.52,8.3,7.02,17.2,58.2
61.5,19.2,23.6,0,30.24,26.93,7.1,2.42,9.21,36
39.2,28.4,26.8,0,30.3,26.97,9,7.25,13.8,32.7
52.5,34.9,35.4,0.3,29.99,26.76,6.7,5.18,14.9,41.2
37.8,28.4,22.8,0,30.26,26.93,9.3,5.52,10.2,31.7
42.8,22.3,24.1,0,30.04,26.78,8.4,6.1,14.9,33
38.5,15.8,16.3,0.1,29.94,26.59,6.9,8.4,12.7,24.3
81.5,58.3,49.6,0,29.8,26.74,8.4,12.7,20.8,70.4
56.1,29.5,32.2,0,30.34,27.05,8.5,3.57,13.8,42.9
86.4,51.8,51.4,0,29.57,26.53,8.3,4.37,10.2,72.2
72.3,47.1,43.8,0,29.8,26.7,8.7,6.67,14.9,62.1
81.3,50.7,53.1,0.5,29.84,26.76,8.1,2.3,12.7,65.8
48.2,33.8,30.7,0,29.91,26.65,7.7,7.14,17.2,40.5
42.4,24.4,23.9,0,30.3,26.96,8.7,5.18,11.3,33.6
40.1,20.5,22.8,0,30.19,26.84,6.5,1.27,6.9,29.9
26.6,16.5,22.6,0,30.43,27.02,3.1,3.22,6.9,24.6
58.6,36.5,38.3,0.05,29.93,26.74,8.5,6.9,17.2,46.4
82.4,55.4,47.6,0,29.8,26.74,8.6,6.56,13.8,69.3
55.4,42.8,37.1,0.1,29.73,26.57,8.4,10,23,48.5
82.4,49.6,46.2,0,29.8,26.72,8.5,8.75,16.1,67.9
48.7,39.9,37.7,0,30.25,26.98,8.8,6.56,13.8,43.5
87.8,60.8,53.7,0,29.66,26.65,8.7,4.14,13.8,73.8
36.1,13.3,17.6,0,30.45,27.03,6,0.23,3.34,25.3
39.7,30.6,27.9,0,30.17,26.84,9.6,11.6,19.4,34.8
59.7,32.7,33.1,0,29.96,26.75,8.8,5.18,16.1,46.4
46.9,15.8,20.2,0,30.26,26.96,7.2,2.07,9.21,30.6
51.1,30.6,39.8,0,30.01,26.75,4.3,2.76,8.06,43.9
77.7,51.4,48.4,0.05,29.78,26.69,8.9,6.79,23,63.1
64.4,38.7,36.6,0,30.2,26.99,8.6,8.4,16.1,51.9
66.9,44.6,46.3,0,29.72,26.57,8.9,5.52,12.7,56.8
89.6,53.6,46.9,0,29.85,26.74,8.5,4.49,10.2,74.2
58.6,41,37.7,0,29.86,26.69,8.7,10.4,19.4,49.6
48.9,26.6,30.5,0,30.14,26.89,7,4.6,14.9,38.3
77,43.7,50.1,0,29.94,26.8,8.2,4.72,13.8,62.8
48.2,30.2,27.4,0,29.87,26.65,8.4,5.18,10.2,40.1
89.6,51.8,46.2,0,29.75,26.71,8.4,2.99,9.21,73.7
61.5,35.6,36.6,0,29.9,26.71,8.7,6.1,11.3,50.6
95.4,59.4,48.4,0,29.66,26.68,8.5,3.11,9.21,79.7
44.2,36.3,35.8,0.05,29.61,26.42,8.1,4.83,11.3,40.2
59,21.2,25.9,0,30.1,26.84,7.1,2.76,9.21,38.6
71.6,51.8,50.6,0,29.94,26.8,8.4,10.5,17.2,62.2
30.2,24.8,26.9,0,30.16,26.87,0.2,0.58,5.87,28.3
91.8,52.9,50,0,29.88,26.76,8.8,6.56,13.8,72.1
76.3,54.7,41.8,0,29.75,26.62,9,6.56,14.9,66.3
35.6,28.4,28.3,0,29.86,26.62,6.7,9.78,13.8,32.2
84.9,50,44,0,29.8,26.66,8.6,5.06,14.9,67.3
49.5,41,36.2,0,30.09,26.85,8.4,7.48,12.7,44
36.5,22.6,25.5,0,30.27,26.96,2.8,4.14,10.2,29.1
64.4,30.6,41.6,0.1,29.96,26.78,6.2,2.99,10.2,53.2
75.6,39.9,36.1,0,30.1,26.94,8.1,1.27,4.72,58.6
63.1,41,38.5,0,30.09,26.92,8.5,11.3,18.3,50.6
47.8,32,32,0,30.38,27.11,8.8,11.7,18.3,41.4
54,25.5,27.6,0,29.88,26.62,8.8,3.22,10.2,41.1
59,21.6,27.1,0,30.51,27.17,8.2,1.27,6.9,38.9
59.4,42.1,37.9,0,30.14,26.94,8.8,8.06,17.2,50.9
75.9,53.6,51,0,29.78,26.69,8.8,14,19.4,64.5
42.1,14.7,18.8,0,30.26,26.96,6.4,2.3,10.2,26.2
39.6,30.2,27,0.1,30.05,26.76,7.4,13.1,19.4,33.9
55.8,25.9,31.6,0,30.27,27.01,6.7,2.07,10.2,39.3
61.2,42.1,35.8,0.05,29.94,26.75,9.2,6.9,11.3,49.5
71.6,55.4,45.9,0,29.91,26.82,8.7,11.5,21.8,62.7
70.3,41.4,43.8,0.1,29.75,26.59,8.6,6.21,13.8,55.5
43.5,30.6,30.9,0,30.31,26.99,7,7.14,13.8,36.1
43.3,23,22.3,0,29.93,26.71,8.9,8.06,13.8,35.2
50.4,32.7,32.1,0,30.01,26.75,8.7,5.41,13.8,40.5
53.6,39.2,39.2,0.1,30.09,26.86,8.8,2.3,6.9,45.2
55.9,27.3,28.1,0,29.9,26.7,8.3,5.98,20.8,42.1
36.3,19.4,17.1,0,30.13,26.84,8,8.75,16.1,28.4
86,53.2,43.6,0,29.85,26.73,8.5,3.68,11.3,72.1
87.8,55.4,49.2,0,29.46,26.45,8.6,5.29,12.7,73.2
47.5,29.5,29.9,0,29.78,26.54,7.4,10.7,23,38.8
71.2,33.8,34.6,0,30.09,26.9,8.3,4.49,14.9,54.1
72,38.5,40.2,0,29.94,26.77,8.5,3.45,11.3,56.3
46.4,26.6,30,0,30.25,26.91,2.6,1.15,8.06,35
43.2,32,34.1,0.3,29.72,26.51,7.1,4.95,13.8,37.9
